0.35643776324408716 0.6634551082141117
0.04084917712790295 0.9821135640506687
0.08782544592308678 0.9266483175133781
0.08034994406536175 0.7065244825821576
0.10350445357002838 0.8202839670832921
0.04255190318947242 0.9856769573086366
0.012521884018737842 0.909268940833578
0.0580432509972335 0.8708139485996134
0.09904048384865609 0.9897020846068665
0.23879133759932952 0.8173574191796942
0.03545692165488861 0.8219331322111395
0.353847273599838 0.8934274026644374
0.2933650773131328 0.8985814252762171
0.14885031580636002 0.790953806414105
0.39677373288489076 0.9073588406909958
0.1123615187337778 0.9859726318213363
0.0337684070639686 0.8547561607499472
0.026392443357198085 0.8925569164993483
0.03636850113059743 0.8486673610884012
0.28154424729689725 0.9082522148132929
0.04138960663115254 0.9966643373936028
0.13706123043082005 0.9811320964510576
0.1918997562078629 0.9797174211849997
0.1293816048280131 0.9687953107387233
0.1566493582909574 0.5714756323951404
0.1735566235366543 0.9788238224208677
0.2779519565056091 0.9487833369818788
0.11993405124860933 0.8854393084945252
0.08160471254716091 0.9950363863321425
0.10841699612738878 0.9177169585938083
0.11544850558862076 0.8902522403797728
0.06079109792317565 0.870385099012456
0.02012660425656357 0.9768724584804797
0.21697568026577108 0.992609943246983
0.10820071635769193 0.6084201761573612
0.24110198216502732 0.9409386148487294
0.08310828132102635 0.9792884542795884
0.18881452705285784 0.9386059322110053
0.07150763695573704 0.9701038857593932
0.25500848399082826 0.7990870567863929
0.4033142236623974 0.7892411500544089
0.07254156601007765 0.7576346722854643
0.06771761386773054 0.9834192704386998
0.4214278474712747 0.9634647970539398
0.1274685580828778 0.9705101249203755
0.14501742062678083 0.9216790889259084
0.3233739590727297 0.9658870028336658
0.1178396439271987 0.9487348428002118
0.25583805559643163 0.9447132667435776
0.2861296343934184 0.9453125432129712
0.09697999957204653 0.5404950394223403
0.09288870374986603 0.6941421923774534
0.20938275640982443 0.9166416256034975
0.015359502158444819 0.8712243958520752
0.15862295367104737 0.9105172203562496
0.1435119817789586 0.5696934313364307
0.24728387751717612 0.9781031607400517
0.011694260384288762 0.6027089180885287
0.37042624202143787 0.959564422740492
0.2198745675117353 0.8806580647584703
0.33328137056760126 0.8388185151538815
0.02657920184476028 0.9371647028891235
0.398600557536237 0.8013641766732281
0.009166732885530684 0.8811540625773548
0.12064573219076205 0.8708860343692088
0.09171258457681557 0.7327683943223192
0.001822991426322293 0.7042651392917904
0.11577011197725777 0.6791465426535629
0.17457087505666288 0.7944830016367128
0.4090054295192014 0.7554539538041679
0.31895893530298575 0.7986535179037131
0.07558067616436522 0.9092234047457519
0.037074254945410424 0.9654528473169203
0.03132390200247509 0.6443437061356323
0.019952900506682407 0.7299549159249791
0.020324810765266686 0.9004775611595317
0.27981982466425903 0.9944945013905733
0.09615470661420017 0.7490014081924182
0.242336155799743 0.8476363561412854
0.08022685220906259 0.9552153813217586
0.11596655535237109 0.9587397347579812
0.07117039508268691 0.8890061596527323
0.0914535401890375 0.9814690272605517
0.309164072146299 0.619382661107759
0.3225332986606212 0.7124999186303616
0.014044770933774799 0.986953150045809
0.12436578871835667 0.8070480524355885
0.009002224360629283 0.9258653273011124
0.22384833500458123 0.9866038162439711
0.24158785661417856 0.9669357463706381
0.14841462358025795 0.8940062719357237
0.23530579088957 0.8227579988832767
0.061047878443137936 0.9869381468094544
0.29843403106146604 0.9331792439111326
0.12971278509795348 0.9465588972832213
0.006001775581251758 0.9720478603638806
0.05841531719765625 0.8903130491341809
0.07340968144842787 0.42587866611617076
0.07360856841983544 0.9507243009894063
0.004012147198301901 0.9897732981603573
