-0.34126621913817967 1.6981390949926172
-2.109312435157667 -0.7911762035650782
-2.8815198877442265 0.24017566903284926
-0.9087434235068542 1.2362782780563495
-0.05588207418647534 1.6486068931104687
-0.32093226905153155 -0.24054336181674008
1.6022134533619439 3.230599164188983
-1.0982096239724544 0.9147670525967166
0.2417614614758773 1.4096527723796615
0.49642361926601 0.1052251971117022
1.567122714646977 0.35858926650891254
0.7586446430745853 1.1358853216774696
0.30758439007430455 0.32855871534373127
1.8925153027732664 1.7830043765042043
1.3403545448041974 1.150553584125406
0.3055587141924082 1.7388336316826012
0.1796831639931598 0.6499510307133289
-0.5255821109038691 0.491520753617226
0.06679332223356167 1.0245527661983862
-0.6488085718569613 0.9910590483850542
-0.1376790587266706 2.932502751268948
0.865044022960382 1.0989518993520895
-0.5942762650702137 0.6981964563266645
-0.10471810497191641 1.968728583078943
-0.11942048530136629 1.7165178933413348
0.49192140770321413 0.8060235207475702
-1.158403068671814 2.910090786112099
-0.40174180912089624 1.1117335745785588
-0.4925618737560651 2.492929044862024
1.3886622112024731 -0.14690786250732568
-0.09562451035245197 1.4406616780786443
-1.1928431145960328 -0.06888617093636884
1.0956682518358725 0.8890625764880611
0.2826777269622557 0.550997277842113
-1.68530402313766 1.8249208765601956
0.4856544001589434 1.302468348477729
0.2292830987606703 1.927807174890348
1.8191268236965428 0.8822654824591536
-1.302306937822373 -0.642838612083438
0.049614403573063695 -0.5648458951913444
-1.2887281396207895 -0.8894566799751891
0.7583282395136767 0.27205006955181554
-0.5849417657898662 1.4739805953684564
0.28486109600599147 0.9255598720102007
0.8549169728014328 2.052107893958488
-1.557736797104565 0.6889815872976578
-1.1509737256814367 2.5134867638598974
-1.4169928562982093 -0.8431455796581326
-1.6813615627461 0.23676826141432572
0.6190568106825123 1.082745534148226
-0.7909710922992033 1.4030947697687157
-0.9825589148177719 -1.7136391012543761
-1.9265882567230275 -0.4297599825723333
-0.4844057501684188 1.0276456663432418
0.565533762400597 0.9169377443827746
-1.315592457307285 0.8174163023480256
0.440010531561227 -0.21923426288079817
-0.3631935411259456 1.8403113555475845
2.178221383569152 0.20506772532341822
-0.3799402467613624 1.6100741605638809
0.4614588768021016 -0.70440070630239
1.1608035599540405 -0.7660243601184518
0.039871312699152624 1.8865845641471775
0.19451698476802218 1.5292913570061117
1.803375098893981 1.0775533330299019
-0.1230970884562541 1.6485421439493901
-0.005628538588253587 0.8133053132045038
0.020814529538599004 1.378963991274087
0.29176444174819677 0.775023700053348
-0.3446128622993037 -0.5675612035342272
1.077116310578345 1.4269433385360701
-0.6811801324571914 1.4519783702193823
-2.223597918564356 0.3630551573623244
-1.3661397397837056 2.289084126335828
0.7211985769299776 0.7164045707491802
-0.397477983990724 1.2275129944298406
-1.9321801740281757 0.7376598455291181
-0.4812720718956595 2.59588192366966
-1.0519594595786794 0.7802757665390109
1.506285161137959 -1.1199173609793918
-0.6285375570095624 1.942206380134609
1.1646968813192085 0.8812524518631096
-1.2192749466653365 -0.6893481265516572
0.18277665811048746 2.92418078637177
0.7930925183833398 3.4610230821861494
-1.8960756588826562 0.8750228593603305
1.9056243911588577 1.893954537367889
-0.9984903381699306 1.3129045391246408
1.4062780905157681 1.6908759347591373
-0.591567235537081 -0.7928252430468261
2.039587538819791 0.8479997559775699
-1.2677735817225382 1.2564060285914953
0.37194881183761574 1.1896250647766555
0.18433983668409898 1.8462892129549902
-0.6241020926247667 1.8466040808924111
0.3689062273136294 2.492429968297024
0.6044356382904917 1.8931914874584832
-0.19630338469454878 1.82318389013242
-0.35162230641325176 0.7592890499839625
0.13740205710008555 1.9724092789613696
