0.9962440205643947 0.4551443275679576
0.8904763976192847 0.33204338690193286
0.9096895333409108 0.12413072481752134
0.5380333298784581 0.004728652177329648
0.9857755750428004 0.03197153723486381
0.90511216178857 0.11934887600931186
0.9435819655277464 0.28139528643218115
0.9560549254399419 0.0283875599562401
0.79040097098989 0.44592870632365117
0.9119345182860203 0.004773876998014073
0.9137471044965599 0.07059533078048452
0.9141287359143966 0.148044461483728
0.9375174303864362 0.2087199345922797
0.9084472455908958 0.08486941163964666
0.7935637283743647 0.21638003433771677
0.9965932504052218 0.015728473915023203
0.8820538117909299 0.10018921402376592
0.897006662716138 0.04665351598613489
0.8712960075873668 0.09617632679739203
0.9828604697774864 0.05848596879485673
0.872934417582653 0.11513483838218658
0.9843932959243378 0.030223398324205855
0.9083938003172102 0.1939971873251902
0.9554703328830113 0.0462194094811002
0.9764681312031004 0.26445399884648907
0.9334026386546855 0.0019805954198601383
0.9546717825580273 0.000771170253554249
0.881254854332972 0.21256668468044532
0.6567556957426989 0.171447551328917
0.8755544432504474 0.12699788208204338
0.9333441389208204 0.3684787893061396
0.7003315677643953 0.23990258850048096
0.8560090689141597 0.10370394262245107
0.9656355355675524 0.19978781461993367
0.8881703345637221 0.1213817988533348
0.7088170530659065 0.5769602272363233
0.9919276305427455 0.19529525679316384
0.8493792166160304 0.20891900984752862
0.954858889805946 0.052114834277083834
0.9796093496401469 0.08447519154167422
0.7509690482340299 0.1338211257791927
0.7200577817495362 0.03159290045700411
0.9727034512430138 0.221621353390034
0.982555276658309 0.12555689400458075
0.7397866693677448 0.040643684367979285
0.5280346531077502 0.02086335695559042
0.9761317739176435 0.06989960962336624
0.9394032283767121 0.15134634600937877
0.9858821234564128 0.3050887655739389
0.8820454684509706 0.1063307934163743
0.9034173926709235 0.09337256094667537
0.9660772454661358 0.08759322396987598
0.9791634993336279 0.04102884471356744
0.9645353373888869 0.11065642495608938
0.7387448152595713 0.09706430517215356
0.8356916467473106 0.22048949375874935
0.9871986015047007 0.5359737667226552
0.8616627838100308 0.08200551649924494
0.9934287353158949 0.014637346405287372
0.8975153740809114 0.19833648467190074
0.960921332676038 0.10698714593597088
0.862289260295327 0.009519320054555622
0.9166987344822154 0.19672524917727244
0.9209515811539551 0.022787444107074856
0.946010829839068 0.47788336882710236
0.6730975686340324 0.22529280867059326
0.8500043949870766 0.1593074059352595
0.8853634285356826 0.11391193229208679
0.6147048528533359 0.08239359976834491
0.6852192639774497 0.015416308122434183
0.7373046987977142 0.18810185361647855
0.7736526574607698 0.10429912517555108
0.9294488378555984 0.24415436992950873
0.9595288898253659 0.18355800815051398
0.971623945445081 0.5922704652639528
0.9784255829458789 0.06461286126573662
0.5925765529567926 0.07870849965693665
0.713914358108552 0.06656470220592824
0.6604191074536394 0.3070950934821009
0.7172097046259769 0.0005261035956695863
0.5667612840199303 0.0784707133112908
0.58641610612938 0.218699377327
0.7621485020636002 0.02077685792751431
0.5466524724760454 0.30599938374698343
0.7392288603248207 0.08766743689298566
0.930114189768284 0.018983983323874257
0.9393322530561582 0.14833615220708346
0.4995274872969362 0.3294691431095587
0.9935403603510378 0.2288230568542852
0.7032427978841513 0.07015965990773164
0.5280249361040281 0.11905644994779156
0.763048259461971 0.19130653653134025
0.6135052885157544 0.016726338041070484
0.7454971468841123 0.07909759921634842
0.9459741130056294 0.05668017457021555
0.9138296271458334 0.2945217171972679
0.9801383827084585 0.12567684212174837
0.8080208758929819 0.0769857523961851
0.9851785626766231      0.05392271924667588
0.9662345283606454 0.25585401758943466

